%YAML:1.0
---
type: IMU
name: simulator
Gyr:
   unit: " rad/s"
   avg-axis:
      gyr_n: 2.1292696452471568e-01
      gyr_w: 9.0465541123894468e-04
   x-axis:
      gyr_n: 2.1185368274343946e-01
      gyr_w: 8.5475301375641591e-04
   y-axis:
      gyr_n: 2.1336398196157993e-01
      gyr_w: 8.9935650796355026e-04
   z-axis:
      gyr_n: 2.1356322886912757e-01
      gyr_w: 9.5985671199686807e-04
Acc:
   unit: " m/s^2"
   avg-axis:
      acc_n: 2.6350001399844841e-01
      acc_w: 3.3939600077929986e-03
   x-axis:
      acc_n: 2.6603259101119575e-01
      acc_w: 3.3874834785602367e-03
   y-axis:
      acc_n: 2.6627535005674191e-01
      acc_w: 3.6539005601701905e-03
   z-axis:
      acc_n: 2.5819210092740746e-01
      acc_w: 3.1404959846485689e-03
