%YAML:1.0
---
type: IMU
name: simulator
Gyr:
   unit: " rad/s"
   avg-axis:
      gyr_n: 2.1115551630335636e-01
      gyr_w: 7.6648031120714756e-04
   x-axis:
      gyr_n: 2.0996786754659968e-01
      gyr_w: 8.5114661336173857e-04
   y-axis:
      gyr_n: 2.1504523434289147e-01
      gyr_w: 8.2165020043088071e-04
   z-axis:
      gyr_n: 2.0845344702057786e-01
      gyr_w: 6.2664411982882317e-04
Acc:
   unit: " m/s^2"
   avg-axis:
      acc_n: 2.7086839726844397e-01
      acc_w: 3.4239970006278327e-03
   x-axis:
      acc_n: 2.7353751640593976e-01
      acc_w: 3.3723277674186760e-03
   y-axis:
      acc_n: 2.6857536649993780e-01
      acc_w: 3.5110666286043159e-03
   z-axis:
      acc_n: 2.7049230889945436e-01
      acc_w: 3.3885966058605074e-03
