%YAML:1.0
---
type: IMU
name: simulator
Gyr:
   unit: " rad/s"
   avg-axis:
      gyr_n: 1.4812687142891424e-02
      gyr_b: 9.7998795103765280e-04
      gyr_bw: 4.6509871480460975e-05
   x-axis:
      gyr_n: 1.4692399528685599e-02
      gyr_b: 9.8518793903601973e-04
      gyr_bw: 2.8490000231200879e-05
   y-axis:
      gyr_n: 1.4844275115273257e-02
      gyr_b: 1.0037833725431490e-03
      gyr_bw: 5.8666018195331909e-05
   z-axis:
      gyr_n: 1.4901386784715413e-02
      gyr_b: 9.5099254153378971e-04
      gyr_bw: 5.2373596014850146e-05
Acc:
   unit: " m/s^2"
   avg-axis:
      acc_n: 1.9109749723765068e-02
      acc_b: 3.1248109984496363e-03
      acc_bw: 4.0387852301552378e-04
   x-axis:
      acc_n: 1.9279401330095185e-02
      acc_b: 3.2669662466337092e-03
      acc_bw: 4.4151611213750250e-04
   y-axis:
      acc_n: 1.8992891739389096e-02
      acc_b: 3.1861302761859002e-03
      acc_bw: 4.6298800537015376e-04
   z-axis:
      acc_n: 1.9056956101810924e-02
      acc_b: 2.9213364725292996e-03
      acc_bw: 3.0713145153891502e-04
